acquire 1574
    0384 1574 1578 2510 2523
    2598 2664 2699 2714 2731
    2776 2866 2957 3007 3022
    3066 3079 3160 3172 3201
    3375 3392 3616 4022 4042
    4559 4615 4720 4783 4874
    4886 4905 5080 5107 5126
    5181 5508 5541 5612 5625
    6130 6154 6168 7063 7084
    7105 8260 8431 8478 8514
acquiresleep 4872
    0393 4727 4742 4872 5561
    5610
allocproc 2505
    2505 2575 2637
allocuvm 1927
    0436 1927 1941 1947 2615
    6901 6915
alltraps 3504
    3459 3467 3480 3485 3503
    3504
ALT 7960
    7960 7988 7990
argfd 6321
    6321 6373 6388 6407 6418
    6431
argint 3802
    0410 3802 3816 3832 3983
    4006 4020 6326 6388 6407
    6658 6725 6726 6782
argptr 3811
    0411 3811 4059 6388 6407
    6431 6807
argstr 3829
    0412 3829 6457 6558 6658
    6707 6724 6758 6782
__attribute__ 1305
    0272 0367 1209 1305
BACK 8811
    8811 8924 9070 9339
backcmd 8846 9064
    8846 8859 8925 9064 9066
    9192 9305 9340
BACKSPACE 8350
    8350 8367 8409 8442 8448
balloc 5266
    5266 5286 5667 5675 5679
BBLOCK 4360
    4360 5273 5307
B_DIRTY 4112
    4112 4544 4568 4573 4610
    4628 4736 4769 5189
begin_op 5078
    0336 2694 5078 6183 6274
    6460 6561 6661 6706 6723
    6757 6871
bfree 5302
    5302 5714 5724 5727
bget 4716
    4716 4746 4756
binit 4688
    0263 1230 4688
bmap 5660
    5402 5660 5686 5770 5820
bootmain 9467
    9418 9467
BPB 4357
    4357 4360 5272 5274 5308
bread 4752
    0264 4752 5027 5028 5040
    5056 5140 5141 5235 5256
    5273 5307 5461 5485 5564
    5676 5720 5770 5820
